Necessidade de transferência Armazém para CO

Produto  EstInicial  QtMin  QtVendas  Estq.após  Necess.  Transf. de
                                         Vendas            Arm p/ CO
  16320         344    200        30        314        0           0
  23400        1435    500        79       1356        0           0
  26440        2899    800        41       2858        0           0
  28790         310    150        71        239        0           0
  36540         431    100        29        402        0           0
  12350        1299    980         2       1297        0           0
  12400         544    440        44        500        0           0
  12450         567    260         1        566        0           0
  12500         813    780         5        808        0           0
  12550         990    880         4        986        0           0
  12600         820    680         3        817        0           0
  12650         889    760         3        886        0           0
  12700        1017    850         2       1015        0           0
  12750         507    220         5        502        0           0
  12800         557    470         1        556        0           0
  12850         572    230        76        496        0           0
  12900        1080    710         4       1076        0           0
  12950         604    460         4        600        0           0
  13000         897    740         1        896        0           0
  13050         602    550        46        556        0           0
  13100        1146    940         4       1142        0           0
  13150         468    220         4        464        0           0
  13200         867    680        29        838        0           0
  13250         630    580         3        627        0           0
  13300         863    690         5        858        0           0
  13350         965    640         3        962        0           0
  13400        1261    910         5       1256        0           0
  13450         448    130         6        442        0           0
  13500        1175    920        10       1165        0           0
  13550         873    820         1        872        0           0
  13600         679    520         1        678        0           0
  13650         856    600        30        826        0           0
  13700         841    800        21        820        0           0
  13750         499    330         1        498        0           0
  13800         630    600        59        571       29          29
